Spawn:
  x: 67.56408740766247
  y: 94.0
  z: 31.51681248005563
  yaw: 178.95013
  pitch: -3.9000084
  world: world
